A = 
[[ 20.     0.05   0.1    0.15   0.2    0.25   0.3    0.35   0.4    0.45]
 [  0.05  20.2    0.15   0.2    0.25   0.3    0.35   0.4    0.45   0.5 ]
 [  0.1    0.15  20.4    0.25   0.3    0.35   0.4    0.45   0.5    0.55]
 [  0.15   0.2    0.25  20.6    0.35   0.4    0.45   0.5    0.55   0.6 ]
 [  0.2    0.25   0.3    0.35  20.8    0.45   0.5    0.55   0.6    0.65]
 [  0.25   0.3    0.35   0.4    0.45  21.     0.55   0.6    0.65   0.7 ]
 [  0.3    0.35   0.4    0.45   0.5    0.55  21.2    0.65   0.7    0.75]
 [  0.35   0.4    0.45   0.5    0.55   0.6    0.65  21.4    0.75   0.8 ]
 [  0.4    0.45   0.5    0.55   0.6    0.65   0.7    0.75  21.6    0.85]
 [  0.45   0.5    0.55   0.6    0.65   0.7    0.75   0.8    0.85  21.8 ]]
Jacobi eigenvalue method results: 
A1 = 
[[ 19.76738499   0.          -0.           0.           0.          -0.          -0.          -0.          -0.           0.        ]
 [  0.          20.06869379   0.          -0.          -0.           0.          -0.           0.           0.          -0.        ]
 [ -0.           0.          20.18546265  -0.           0.          -0.           0.          -0.           0.          -0.        ]
 [ -0.          -0.          -0.          20.29765936   0.          -0.          -0.           0.           0.           0.        ]
 [  0.          -0.           0.          -0.          20.40813057   0.           0.           0.           0.
   -0.00000001]
 [  0.           0.          -0.          -0.           0.          20.51796992   0.           0.          -0.          -0.        ]
 [ -0.          -0.           0.          -0.           0.           0.          20.62790353   0.          -0.           0.        ]
 [ -0.           0.          -0.           0.           0.           0.           0.          20.73878356   0.          -0.        ]
 [ -0.           0.           0.           0.           0.           0.          -0.           0.          20.85254256
   -0.        ]
 [  0.          -0.          -0.           0.          -0.00000001  -0.           0.           0.          -0.
   25.53546906]]
H1 = 
[[ 0.80966583 -0.52434468 -0.17506147 -0.09716212 -0.06272812 -0.04336791 -0.03092968 -0.02211729 -0.01512158
   0.14807715]
 [ 0.42939189  0.8340715  -0.26949355 -0.10135138 -0.05602006 -0.03512615 -0.02318083 -0.01542376 -0.00977577
   0.17834113]
 [ 0.22492043  0.12340622  0.93523953 -0.11411995 -0.04286603 -0.0217004  -0.01181021 -0.00624554 -0.00279151
   0.20973956]
 [ 0.09722917  0.02722101  0.03632153  0.96414495 -0.00538209  0.00404425  0.00649576  0.00711614  0.00672079
   0.24233744]
 [ 0.00990726 -0.01089997 -0.0245904  -0.06479783  0.95415167  0.07343502  0.04086639  0.02836587  0.02043704
   0.27620484]
 [-0.05357623 -0.03134393 -0.0467712  -0.07670045 -0.17522214  0.91512493  0.12898164  0.06741391  0.0419346   0.31141739]
 [-0.10181054 -0.04409217 -0.05825053 -0.08072942 -0.12736433 -0.29533463  0.8486676   0.1627338   0.08045708
   0.34805686]
 [-0.13970097 -0.05280173 -0.06526786 -0.08275563 -0.11230051 -0.17583865 -0.42809903  0.74960158  0.16948674
   0.38621177]
 [-0.17025267 -0.05912936 -0.07000141 -0.08397513 -0.10492487 -0.14108255 -0.22108554 -0.58088428  0.59740228
   0.42597814]
 [-0.19540946 -0.06393466 -0.07341003 -0.08478971 -0.10054826 -0.12452193 -0.16623389 -0.26081155 -0.77804759
   0.46746025]]
count of iterations = 114
max lambda by Jacobi method = 25.5354690608
______________________________________________________
Dot product method results: 
max |eigenvalue| = 25.5354690482
min |eigenvalue| = 19.76738508
count of iterations = 38
