A = 
[[ 8.     0.125  0.25   0.375]
 [ 0.125  8.5    0.375  0.5  ]
 [ 0.25   0.375  9.     0.625]
 [ 0.375  0.5    0.625  9.5  ]]
b = 
[-4. -3.  0.  5.]
Ax-b = 
[ -8.88178420e-16  -4.44089210e-16   0.00000000e+00   0.00000000e+00]
det(A) = 5745.08984375
A^-1 = 
[[ 0.12533801 -0.00143193 -0.00309775 -0.00466839]
 [-0.00143193  0.118211   -0.00447801 -0.0058705 ]
 [-0.00309775 -0.00447801  0.11186999 -0.0070019 ]
 [-0.00466839 -0.0058705  -0.0070019   0.10621706]]
A^(-1)*A = 
[[  1.00000000e+00   0.00000000e+00   0.00000000e+00   6.93889390e-18]
 [  2.16840434e-18   1.00000000e+00  -3.90312782e-18   1.38777878e-17]
 [  1.73472348e-18   2.16840434e-18   1.00000000e+00   0.00000000e+00]
 [ -1.38777878e-17   0.00000000e+00   0.00000000e+00   1.00000000e+00]]
cond(A) = 1.29817800265
[[  0.00000000e+00   0.00000000e+00   0.00000000e+00   6.93889390e-18]
 [  2.16840434e-18   0.00000000e+00  -3.90312782e-18   1.38777878e-17]
 [  1.73472348e-18   2.16840434e-18   2.22044605e-16   0.00000000e+00]
 [ -1.38777878e-17   0.00000000e+00   0.00000000e+00   0.00000000e+00]]
solution by gauss: 
[-0.52039819 -0.37825779 -0.00918447  0.56737037]
solution by squares method: 
[-0.52039819 -0.37825779 -0.00918447  0.56737037]
solution by Jacobi method: 
[-0.52039819 -0.37825779 -0.00918447  0.56737037]
count of iterations = 11
