A = 
[[ 20.     0.05   0.1    0.15   0.2    0.25   0.3    0.35   0.4    0.45]
 [  0.05  20.2    0.15   0.2    0.25   0.3    0.35   0.4    0.45   0.5 ]
 [  0.1    0.15  20.4    0.25   0.3    0.35   0.4    0.45   0.5    0.55]
 [  0.15   0.2    0.25  20.6    0.35   0.4    0.45   0.5    0.55   0.6 ]
 [  0.2    0.25   0.3    0.35  20.8    0.45   0.5    0.55   0.6    0.65]
 [  0.25   0.3    0.35   0.4    0.45  21.     0.55   0.6    0.65   0.7 ]
 [  0.3    0.35   0.4    0.45   0.5    0.55  21.2    0.65   0.7    0.75]
 [  0.35   0.4    0.45   0.5    0.55   0.6    0.65  21.4    0.75   0.8 ]
 [  0.4    0.45   0.5    0.55   0.6    0.65   0.7    0.75  21.6    0.85]
 [  0.45   0.5    0.55   0.6    0.65   0.7    0.75   0.8    0.85  21.8 ]]
Jacobi eigenvalue method results: 
A1 = 
[[ 19.76738499   0.          -0.00000013   0.00000002  -0.00000092  -0.0000001   -0.          -0.          -0.           0.        ]
 [  0.          20.06869379   0.          -0.          -0.          -0.          -0.          -0.00000098   0.          -0.        ]
 [ -0.00000013   0.          20.18546265  -0.00000087   0.          -0.          -0.00000001  -0.           0.           0.        ]
 [  0.00000002  -0.          -0.00000087  20.29765936   0.00000017   0.          -0.           0.           0.
   -0.00000047]
 [ -0.00000092  -0.           0.           0.00000017  20.40813057   0.           0.           0.           0.
   -0.00000001]
 [ -0.0000001   -0.          -0.           0.           0.          20.51796992   0.00000001   0.00000001  -0.00000001
   -0.        ]
 [  0.          -0.          -0.00000001  -0.           0.           0.00000001  20.62790353   0.          -0.00000006
    0.        ]
 [ -0.          -0.00000098  -0.           0.           0.           0.00000001  -0.          20.73878356   0.
    0.00000004]
 [ -0.           0.           0.           0.           0.          -0.00000001  -0.00000006   0.          20.85254256
   -0.        ]
 [  0.          -0.          -0.          -0.00000047  -0.00000001  -0.           0.           0.00000004  -0.
   25.53546906]]
H1 = 
[[ 0.80966597 -0.52434464 -0.17506046 -0.09716363 -0.06272681 -0.04336781 -0.03092967 -0.02211805 -0.01512158
   0.14807714]
 [ 0.42939206  0.83407152 -0.26949262 -0.10135359 -0.05601929 -0.0351261  -0.02318083 -0.01542253 -0.00977578
   0.17834113]
 [ 0.22492019  0.12340622  0.93524049 -0.11411277 -0.04286554 -0.02170037 -0.01181018 -0.00624536 -0.00279151
   0.20973955]
 [ 0.09722921  0.027221    0.03631406  0.9641452  -0.00538343  0.00404426  0.00649576  0.00711618  0.0067208   0.24233753]
 [ 0.00990589 -0.01090001 -0.02458989 -0.06479658  0.95415179  0.07343503  0.04086638  0.02836585  0.02043705
   0.27620483]
 [-0.05357609 -0.03134403 -0.04677062 -0.07670111 -0.1752221   0.91512494  0.12898152  0.06741382  0.04193467
   0.31141738]
 [-0.10181031 -0.04409241 -0.05824996 -0.0807301  -0.12736435 -0.29533454  0.84866762  0.16273375  0.08045728
   0.34805685]
 [-0.13970077 -0.05280283 -0.06526725 -0.08275634 -0.11230058 -0.17583868 -0.42809905  0.74960151  0.16948662
   0.38621176]
 [-0.17025248 -0.05912851 -0.0700008  -0.08397586 -0.10492498 -0.14108264 -0.22108568 -0.58088435  0.59740222
   0.42597814]
 [-0.19540929 -0.06393428 -0.07340943 -0.08479047 -0.10054841 -0.12452196 -0.16623368 -0.26081164 -0.77804764
   0.46746025]]
count of iterations = 100
max lambda by Jacobi method = 25.5354690608
______________________________________________________
Dot product method results: 
max eigenvalue = 25.5354678051
count of iterations = 28
