A = 
[[ 16.       0.0625   0.125    0.1875   0.25     0.3125   0.375    0.4375]
 [  0.0625  16.25     0.1875   0.25     0.3125   0.375    0.4375   0.5   ]
 [  0.125    0.1875  16.5      0.3125   0.375    0.4375   0.5      0.5625]
 [  0.1875   0.25     0.3125  16.75     0.4375   0.5      0.5625   0.625 ]
 [  0.25     0.3125   0.375    0.4375  17.       0.5625   0.625    0.6875]
 [  0.3125   0.375    0.4375   0.5      0.5625  17.25     0.6875   0.75  ]
 [  0.375    0.4375   0.5      0.5625   0.625    0.6875  17.5      0.8125]
 [  0.4375   0.5      0.5625   0.625    0.6875   0.75     0.8125  17.75  ]]
Jacobi eigenvalue method results: 
A1 = 
[[  1.5818376928e+01   2.2928916596e-17   2.6469779602e-23  -5.1296387177e-16   7.1405820961e-15   7.9270107518e-11  -1.3130128508e-13  -2.1739671711e-16]
 [ -8.7720659277e-17   1.6097063265e+01   5.8009533265e-15  -5.2572403032e-12  -3.1022051502e-11   1.4121657649e-18  -1.6749234556e-20  -1.6639956335e-12]
 [ -8.5140451076e-16   5.8263773248e-15   1.6244118174e+01  -2.1908527114e-22   1.3694212270e-16   2.8504690290e-12  -2.4646372248e-11   8.0516852785e-19]
 [ -8.6985597538e-16  -5.2572345570e-12  -2.0790869168e-16   1.6385816504e+01  -6.0187169587e-28   1.0870371131e-12   1.1147551062e-18   1.0730715489e-11]
 [  6.5642599416e-15  -3.1022292002e-11  -2.5425832704e-16  -2.1332831806e-16   1.6526072111e+01   1.0325839243e-20   1.6543612251e-24   7.5801760937e-12]
 [  7.9270257777e-11   1.1839846231e-16   2.8505605304e-12   1.0875220684e-12  -3.8852580057e-16   1.6666872620e+01   5.6117797844e-15   1.5124725439e-12]
 [ -1.3173057792e-13  -2.0330931539e-16  -2.4646616177e-11  -3.7623034210e-16  -8.8788427097e-17   4.7232760973e-15   1.6811151702e+01   4.9323569930e-20]
 [ -9.7527988572e-16  -1.6632574687e-12   7.7886889277e-17   1.0730083440e-11   7.5785295998e-12   1.5131631550e-12  -1.1574408869e-15   2.0450528697e+01]]
l[0] = 15.8183769280,  H[0] = [ 0.8807455641  0.3528942562  0.1307792157  0.0084242515 -0.069054384  -0.1225197479 -0.1616377419 -0.191500308 ]
l[1] = 16.0970632647,  H[1] = [-0.4147097302  0.8960528443  0.0641605291 -0.0194569005 -0.0511943311 -0.0679027684 -0.0782137876 -0.0852112278]
l[2] = 16.2441181738,  H[2] = [-0.1356880633 -0.1626636404  0.9569254855 -0.0620350229 -0.0854573529 -0.0935059316 -0.0975770108 -0.1000348405]
l[3] = 16.3858165039,  H[3] = [-0.0709234312 -0.0568479674 -0.0168635319  0.9472743083 -0.19952742   -0.1476660435 -0.1314057974 -0.1234554423]
l[4] = 16.5260721107,  H[4] = [-0.0424778367 -0.0272649001  0.0017242709  0.0786858488  0.8936158518 -0.3508582446 -0.2059630887 -0.1648824747]
l[5] = 16.6668726195,  H[5] = [-0.0265573047 -0.0138240848  0.0065452925  0.0443618161  0.1388331159  0.7973442395 -0.5245725049 -0.2586194297]
l[6] = 16.8111517022,  H[6] = [-0.0160829273 -0.0063558171  0.0077048406  0.0298249978  0.0697179625  0.1631868067  0.6387743859 -0.7478160227]
l[7] = 20.4505286972,  H[7] = [ 0.161534485   0.2046678195  0.2503682913  0.2988721092  0.3504453783  0.4053889833  0.4640444638  0.5268011195]
count of iterations = 75
max lambda by Jacobi method = 20.4505286972
______________________________________________________
Dot product method results: 
max |eigenvalue| = 20.4505286971
min eigenvalue = 15.8183769287
min |eigenvalue| = 15.8183769386
count of iterations = 57
EPS = 1e-10