A = 
[[ 20.     0.05   0.1    0.15   0.2    0.25   0.3    0.35   0.4    0.45]
 [  0.05  20.2    0.15   0.2    0.25   0.3    0.35   0.4    0.45   0.5 ]
 [  0.1    0.15  20.4    0.25   0.3    0.35   0.4    0.45   0.5    0.55]
 [  0.15   0.2    0.25  20.6    0.35   0.4    0.45   0.5    0.55   0.6 ]
 [  0.2    0.25   0.3    0.35  20.8    0.45   0.5    0.55   0.6    0.65]
 [  0.25   0.3    0.35   0.4    0.45  21.     0.55   0.6    0.65   0.7 ]
 [  0.3    0.35   0.4    0.45   0.5    0.55  21.2    0.65   0.7    0.75]
 [  0.35   0.4    0.45   0.5    0.55   0.6    0.65  21.4    0.75   0.8 ]
 [  0.4    0.45   0.5    0.55   0.6    0.65   0.7    0.75  21.6    0.85]
 [  0.45   0.5    0.55   0.6    0.65   0.7    0.75   0.8    0.85  21.8 ]]
b = 
[-10.  -9.  -6.  -1.   6.  15.  26.  39.  54.  71.]
r = Ax-b = 
[  0.00000000e+00  -3.55271368e-15   3.55271368e-15   2.88657986e-15   8.88178420e-16   3.55271368e-15   7.10542736e-15
  -7.10542736e-15   0.00000000e+00  -1.42108547e-14]
det(A) = 1.55035743e+13
A^-1 = 
[[  5.00708991e-02  -4.31566011e-05  -1.56082989e-04  -2.67896802e-04  -3.78614401e-04  -4.88251829e-04  -5.96824815e-04
   -7.04348787e-04  -8.10838875e-04  -9.16309918e-04]
 [ -4.31566011e-05   4.95976593e-02  -2.62918966e-04  -3.71176288e-04  -4.78372264e-04  -5.84522426e-04  -6.89642003e-04
   -7.93745933e-04  -8.96848863e-04  -9.98965162e-04]
 [ -1.56082989e-04  -2.62918966e-04   4.91362533e-02  -4.73433204e-04  -5.77142425e-04  -6.79839848e-04  -7.81540209e-04
   -8.82257958e-04  -9.82007267e-04  -1.08080204e-03]
 [ -2.67896802e-04  -3.71176288e-04  -4.73433204e-04   4.86864011e-02  -6.74939481e-04  -7.74218183e-04  -8.72533015e-04
   -9.69897944e-04  -1.06632667e-03  -1.16183264e-03]
 [ -3.78614401e-04  -4.78372264e-04  -5.77142425e-04  -6.74939481e-04   4.82478301e-02  -8.67671240e-04  -9.62633733e-04
   -1.05667871e-03  -1.14981942e-03  -1.24206882e-03]
 [ -4.88251829e-04  -5.84522426e-04  -6.79839848e-04  -7.74218183e-04  -8.67671240e-04   4.78202752e-02  -1.05185542e-03
   -1.14261284e-03  -1.23249760e-03  -1.32152221e-03]
 [ -5.96824815e-04  -6.89642003e-04  -7.81540209e-04  -8.72533015e-04  -9.62633733e-04  -1.05185542e-03   4.74034784e-02
   -1.22771266e-03  -1.31437308e-03  -1.40020421e-03]
 [ -7.04348787e-04  -7.93745933e-04  -8.82257958e-04  -9.69897944e-04  -1.05667871e-03  -1.14261284e-03  -1.22771266e-03
    4.69971885e-02  -1.39545749e-03  -1.47812600e-03]
 [ -8.10838875e-04  -8.96848863e-04  -9.82007267e-04  -1.06632667e-03  -1.14981942e-03  -1.23249760e-03  -1.31437308e-03
   -1.39545749e-03   4.66011608e-02  -1.55529853e-03]
 [ -9.16309918e-04  -9.98965162e-04  -1.08080204e-03  -1.16183264e-03  -1.24206882e-03  -1.32152221e-03  -1.40020421e-03
   -1.47812600e-03  -1.55529853e-03   4.62151574e-02]]
A^(-1)*A = 
[[  1.00000000e+00  -6.50521303e-19   4.33680869e-19   1.51788304e-18  -2.16840434e-19   9.75781955e-19  -2.16840434e-19
    2.71050543e-18   1.95156391e-18   6.93889390e-18]
 [  1.08420217e-19   1.00000000e+00   1.73472348e-18   4.33680869e-18   3.79470760e-18   2.49366500e-18  -2.16840434e-19
    1.08420217e-18   5.42101086e-19   1.04083409e-17]
 [ -3.79470760e-19   1.08420217e-19   1.00000000e+00   4.87890978e-18   5.42101086e-19   6.07153217e-18  -5.52943108e-18
   -1.08420217e-18   1.84314369e-18   3.46944695e-18]
 [ -1.84314369e-18  -2.16840434e-18   1.73472348e-18   1.00000000e+00   2.38524478e-18   0.00000000e+00  -4.77048956e-18
   -6.39679282e-18   1.30104261e-18  -3.46944695e-18]
 [ -7.58941521e-19   8.67361738e-19  -1.73472348e-18   5.42101086e-19   1.00000000e+00   4.33680869e-18   7.80625564e-18
   -1.30104261e-18  -4.33680869e-18  -6.93889390e-18]
 [  8.67361738e-19  -2.81892565e-18   2.05998413e-18   3.57786717e-18  -1.40946282e-18   1.00000000e+00   4.33680869e-18
   -4.98732999e-18   4.98732999e-18   3.46944695e-18]
 [  3.36102673e-18  -1.08420217e-19   5.20417043e-18   1.95156391e-18   5.74627151e-18   5.85469173e-18   1.00000000e+00
    2.60208521e-18  -2.16840434e-19   2.08166817e-17]
 [ -2.49366500e-18  -1.62630326e-18   9.75781955e-19   1.08420217e-19   2.71050543e-18  -1.51788304e-18   8.67361738e-19
    1.00000000e+00   5.20417043e-18   6.93889390e-18]
 [  3.03576608e-18   2.60208521e-18   2.05998413e-18   8.67361738e-18  -2.16840434e-18  -2.60208521e-18   4.33680869e-19
    0.00000000e+00   1.00000000e+00   6.93889390e-18]
 [ -3.46944695e-18  -3.46944695e-18  -3.46944695e-18   6.93889390e-18  -1.04083409e-17   6.93889390e-18   1.38777878e-17
   -6.93889390e-18   0.00000000e+00   1.00000000e+00]]
cond(A) = 1.58628843279
A^(-1)*A - E = 
[[  2.22044605e-16  -6.50521303e-19   4.33680869e-19   1.51788304e-18  -2.16840434e-19   9.75781955e-19  -2.16840434e-19
    2.71050543e-18   1.95156391e-18   6.93889390e-18]
 [  1.08420217e-19   4.44089210e-16   1.73472348e-18   4.33680869e-18   3.79470760e-18   2.49366500e-18  -2.16840434e-19
    1.08420217e-18   5.42101086e-19   1.04083409e-17]
 [ -3.79470760e-19   1.08420217e-19   2.22044605e-16   4.87890978e-18   5.42101086e-19   6.07153217e-18  -5.52943108e-18
   -1.08420217e-18   1.84314369e-18   3.46944695e-18]
 [ -1.84314369e-18  -2.16840434e-18   1.73472348e-18  -4.44089210e-16   2.38524478e-18   0.00000000e+00  -4.77048956e-18
   -6.39679282e-18   1.30104261e-18  -3.46944695e-18]
 [ -7.58941521e-19   8.67361738e-19  -1.73472348e-18   5.42101086e-19  -1.11022302e-16   4.33680869e-18   7.80625564e-18
   -1.30104261e-18  -4.33680869e-18  -6.93889390e-18]
 [  8.67361738e-19  -2.81892565e-18   2.05998413e-18   3.57786717e-18  -1.40946282e-18   0.00000000e+00   4.33680869e-18
   -4.98732999e-18   4.98732999e-18   3.46944695e-18]
 [  3.36102673e-18  -1.08420217e-19   5.20417043e-18   1.95156391e-18   5.74627151e-18   5.85469173e-18  -1.11022302e-16
    2.60208521e-18  -2.16840434e-19   2.08166817e-17]
 [ -2.49366500e-18  -1.62630326e-18   9.75781955e-19   1.08420217e-19   2.71050543e-18  -1.51788304e-18   8.67361738e-19
   -1.11022302e-16   5.20417043e-18   6.93889390e-18]
 [  3.03576608e-18   2.60208521e-18   2.05998413e-18   8.67361738e-18  -2.16840434e-18  -2.60208521e-18   4.33680869e-19
    0.00000000e+00   0.00000000e+00   6.93889390e-18]
 [ -3.46944695e-18  -3.46944695e-18  -3.46944695e-18   6.93889390e-18  -1.04083409e-17   6.93889390e-18   1.38777878e-17
   -6.93889390e-18   0.00000000e+00  -2.22044605e-16]]
perturbation of vectors = 0.0878912683804
perturbation of matrices = 0.078842676311
solution by gauss: 
[-0.660542   -0.6238799  -0.48857088 -0.25607279  0.07218512  0.49480149  1.01040217  1.61763955  2.31519197  3.10176301]
solution by squares method: 
[-0.660542   -0.6238799  -0.48857088 -0.25607279  0.07218512  0.49480149  1.01040217  1.61763955  2.31519197  3.10176301]
solution by Jacobi method: 
[-0.660542   -0.6238799  -0.48857088 -0.25607279  0.07218512  0.49480149  1.01040217  1.61763955  2.31519197  3.10176302]
count of iterations = 13
r = Ax - b for Jacobi method : 
[  1.49908352e-08   1.74896435e-08   1.98821164e-08   2.21782117e-08   2.43866722e-08   2.65152309e-08   2.85707173e-08
   3.05592280e-08   3.24861915e-08   3.43564324e-08]
EPS = 1e-08