A = 
[[ 20.     0.05   0.1    0.15   0.2    0.25   0.3    0.35   0.4    0.45]
 [  0.05  20.2    0.15   0.2    0.25   0.3    0.35   0.4    0.45   0.5 ]
 [  0.1    0.15  20.4    0.25   0.3    0.35   0.4    0.45   0.5    0.55]
 [  0.15   0.2    0.25  20.6    0.35   0.4    0.45   0.5    0.55   0.6 ]
 [  0.2    0.25   0.3    0.35  20.8    0.45   0.5    0.55   0.6    0.65]
 [  0.25   0.3    0.35   0.4    0.45  21.     0.55   0.6    0.65   0.7 ]
 [  0.3    0.35   0.4    0.45   0.5    0.55  21.2    0.65   0.7    0.75]
 [  0.35   0.4    0.45   0.5    0.55   0.6    0.65  21.4    0.75   0.8 ]
 [  0.4    0.45   0.5    0.55   0.6    0.65   0.7    0.75  21.6    0.85]
 [  0.45   0.5    0.55   0.6    0.65   0.7    0.75   0.8    0.85  21.8 ]]
b = 
[-10.  -9.  -6.  -1.   6.  15.  26.  39.  54.  71.]
r = Ax-b = 
[  0.0000000000e+00  -3.5527136788e-15   3.5527136788e-15   2.8865798640e-15   8.8817841970e-16   3.5527136788e-15
   7.1054273576e-15  -7.1054273576e-15   0.0000000000e+00  -1.4210854715e-14]
det(A) = 1.55035743e+13
A^-1 = 
[[  5.0070899051e-02  -4.3156601083e-05  -1.5608298928e-04  -2.6789680222e-04  -3.7861440131e-04  -4.8825182870e-04
   -5.9682481505e-04  -7.0434878704e-04  -8.1083887468e-04  -9.1630991842e-04]
 [ -4.3156601083e-05   4.9597659325e-02  -2.6291896553e-04  -3.7117628791e-04  -4.7837226400e-04  -5.8452242569e-04
   -6.8964200328e-04  -7.9374593278e-04  -8.9684886296e-04  -9.9896516223e-04]
 [ -1.5608298928e-04  -2.6291896553e-04   4.9136253335e-02  -4.7343320444e-04  -5.7714242508e-04  -6.7983984845e-04
   -7.8154020945e-04  -8.8225795827e-04  -9.8200726720e-04  -1.0808020373e-03]
 [ -2.6789680222e-04  -3.7117628791e-04  -4.7343320444e-04   4.8686401080e-02  -6.7493948112e-04  -7.7421818329e-04
   -8.7253301457e-04  -9.6989794410e-04  -1.0663266724e-03  -1.1618326377e-03]
 [ -3.7861440131e-04  -4.7837226400e-04  -5.7714242508e-04  -6.7493948112e-04   4.8247830101e-02  -8.6767124035e-04
   -9.6263373337e-04  -1.0566787144e-03  -1.1498194167e-03  -1.2420688205e-03]
 [ -4.8825182870e-04  -5.8452242569e-04  -6.7983984845e-04  -7.7421818329e-04  -8.6767124035e-04   4.7820275245e-02
   -1.0518554208e-03  -1.1426128430e-03  -1.2324975977e-03  -1.3215222112e-03]
 [ -5.9682481505e-04  -6.8964200328e-04  -7.8154020945e-04  -8.7253301457e-04  -9.6263373337e-04  -1.0518554208e-03
    4.7403478442e-02  -1.2277126597e-03  -1.3143730779e-03  -1.4002042098e-03]
 [ -7.0434878704e-04  -7.9374593278e-04  -8.8225795827e-04  -9.6989794410e-04  -1.0566787144e-03  -1.1426128430e-03
   -1.2277126597e-03   4.6997188488e-02  -1.3954574907e-03  -1.4781259959e-03]
 [ -8.1083887468e-04  -8.9684886296e-04  -9.8200726720e-04  -1.0663266724e-03  -1.1498194167e-03  -1.2324975977e-03
   -1.3143730779e-03  -1.3954574907e-03   4.6601160831e-02  -1.5552985340e-03]
 [ -9.1630991842e-04  -9.9896516223e-04  -1.0808020373e-03  -1.1618326377e-03  -1.2420688205e-03  -1.3215222112e-03
   -1.4002042098e-03  -1.4781259959e-03  -1.5552985340e-03   4.6215157373e-02]]
A^(-1)*A = 
[[  1.0000000000e+00   2.7105054312e-19   9.7578195524e-19   2.1684043450e-18   4.7704895589e-18  -9.7578195524e-19
    1.5178830415e-18   7.5894152074e-18   1.7347234760e-18   3.4694469520e-18]
 [ -1.6263032587e-19   1.0000000000e+00   1.6263032587e-18   4.3368086899e-18   1.4094628242e-18  -3.0357660830e-18
   -7.8062556419e-18   1.0625181290e-17  -6.7220534694e-18   0.0000000000e+00]
 [ -1.1384122811e-18  -2.6020852140e-18   1.0000000000e+00   4.7704895589e-18   3.2526065175e-19   2.2768245622e-18
   -5.6378512969e-18  -1.1926223897e-18  -1.6263032587e-18   3.4694469520e-18]
 [ -2.1684043450e-19  -2.1684043450e-18   0.0000000000e+00   1.0000000000e+00  -6.5052130349e-19   7.0473141212e-18
   -1.1384122811e-17   3.9031278209e-18  -2.1684043450e-18   3.4694469520e-18]
 [  6.5052130349e-19  -4.3368086899e-19   1.7347234760e-18   7.5894152074e-18   1.0000000000e+00  -5.0957502107e-18
   -5.5294310797e-18   9.5409791179e-18   6.5052130349e-18   6.9388939039e-18]
 [ -1.6263032587e-18  -7.1557343384e-18  -5.4210108624e-19   5.8546917314e-18   3.2526065175e-19   1.0000000000e+00
   -6.9388939039e-18   8.6736173799e-19   8.6736173799e-19  -6.9388939039e-18]
 [  4.2283884727e-18  -6.1799523832e-18   8.6736173799e-19   4.4452289072e-18   4.6620693417e-18  -5.6378512969e-18
    1.0000000000e+00   8.0230960764e-18  -4.7704895589e-18   3.4694469520e-18]
 [ -3.9031278209e-18   2.2768245622e-18   4.8789097762e-18   4.0115480382e-18   3.2526065175e-18  -8.0230960764e-18
   -8.6736173799e-18   1.0000000000e+00   5.4210108624e-18   0.0000000000e+00]
 [  2.8189256485e-18  -8.0230960764e-18   5.3125906452e-18   1.1926223897e-17   4.5536491244e-18   4.1199682554e-18
    0.0000000000e+00   6.5052130349e-18   1.0000000000e+00   0.0000000000e+00]
 [  0.0000000000e+00  -3.4694469520e-18   0.0000000000e+00   1.3877787808e-17   6.9388939039e-18  -6.9388939039e-18
    6.9388939039e-18   1.3877787808e-17   0.0000000000e+00   1.0000000000e+00]]
cond(A) = 1.58628843279
A^(-1)*A - E = 
[[  2.2204460493e-16   2.7105054312e-19   9.7578195524e-19   2.1684043450e-18   4.7704895589e-18  -9.7578195524e-19
    1.5178830415e-18   7.5894152074e-18   1.7347234760e-18   3.4694469520e-18]
 [ -1.6263032587e-19   4.4408920985e-16   1.6263032587e-18   4.3368086899e-18   1.4094628242e-18  -3.0357660830e-18
   -7.8062556419e-18   1.0625181290e-17  -6.7220534694e-18   0.0000000000e+00]
 [ -1.1384122811e-18  -2.6020852140e-18   2.2204460493e-16   4.7704895589e-18   3.2526065175e-19   2.2768245622e-18
   -5.6378512969e-18  -1.1926223897e-18  -1.6263032587e-18   3.4694469520e-18]
 [ -2.1684043450e-19  -2.1684043450e-18   0.0000000000e+00  -4.4408920985e-16  -6.5052130349e-19   7.0473141212e-18
   -1.1384122811e-17   3.9031278209e-18  -2.1684043450e-18   3.4694469520e-18]
 [  6.5052130349e-19  -4.3368086899e-19   1.7347234760e-18   7.5894152074e-18  -1.1102230246e-16  -5.0957502107e-18
   -5.5294310797e-18   9.5409791179e-18   6.5052130349e-18   6.9388939039e-18]
 [ -1.6263032587e-18  -7.1557343384e-18  -5.4210108624e-19   5.8546917314e-18   3.2526065175e-19   4.4408920985e-16
   -6.9388939039e-18   8.6736173799e-19   8.6736173799e-19  -6.9388939039e-18]
 [  4.2283884727e-18  -6.1799523832e-18   8.6736173799e-19   4.4452289072e-18   4.6620693417e-18  -5.6378512969e-18
    4.4408920985e-16   8.0230960764e-18  -4.7704895589e-18   3.4694469520e-18]
 [ -3.9031278209e-18   2.2768245622e-18   4.8789097762e-18   4.0115480382e-18   3.2526065175e-18  -8.0230960764e-18
   -8.6736173799e-18  -3.3306690739e-16   5.4210108624e-18   0.0000000000e+00]
 [  2.8189256485e-18  -8.0230960764e-18   5.3125906452e-18   1.1926223897e-17   4.5536491244e-18   4.1199682554e-18
    0.0000000000e+00   6.5052130349e-18   2.2204460493e-16   0.0000000000e+00]
 [  0.0000000000e+00  -3.4694469520e-18   0.0000000000e+00   1.3877787808e-17   6.9388939039e-18  -6.9388939039e-18
    6.9388939039e-18   1.3877787808e-17   0.0000000000e+00   0.0000000000e+00]]
perturbation of vectors = 0.0878912683804
perturbation of matrices = 0.078842676311
solution by gauss: 
[-0.6605420015 -0.6238798964 -0.4885708814 -0.2560727927  0.0721851187  0.4948014895  1.0104021674  1.6176395537
  2.3151919651  3.1017630138]
solution by squares method: 
[-0.6605420015 -0.6238798964 -0.4885708814 -0.2560727927  0.0721851187  0.4948014895  1.0104021674  1.6176395537
  2.3151919651  3.1017630138]
solution by Jacobi method: 
[-0.6605420009 -0.6238798957 -0.4885708806 -0.2560727918  0.0721851197  0.4948014906  1.0104021685  1.6176395549
  2.3151919664  3.1017630151]
count of iterations = 13
r = Ax - b for Jacobi method : 
[  1.4990835240e-08   1.7489643511e-08   1.9882116398e-08   2.2178211712e-08   2.4386672237e-08   2.6515230900e-08
   2.8570717348e-08   3.0559228037e-08   3.2486191515e-08   3.4356432366e-08]
EPS = 1e-08